CHAR,#-_,_-#,_-a,_-b,_-d,_-e,_-g,_-i,_-k,_-o,_-p,_-r,_-t,_-u,a-_,b-_,d-_,e-_,g-_,i-_,k-_,o-_,p-_,r-_,t-_,u-_
a,0.0,0.98058,0.0,1.004541,1.015914,0.0,1.013419,0.0,1.028951,0.0,0.974217,0.988349,1.019735,0.0,0.0,1.029231,1.039924,0.0,1.009847,0.0,0.992695,0.0,0.983386,0.964366,1.001446,0.0
b,2.354539,0.0,1.029231,0.0,0.0,1.982414,0.0,0.0,0.0,1.981901,0.0,0.0,0.0,0.0,0.375818,0.0,0.0,0.495785,0.0,0.339165,0.0,0.314387,0.0,0.0,0.0,0.341404
c,0.0,0.0,0.0,0.0,0.0,0.0,0.0,0.0,0.0,0.0,0.0,0.0,0.0,0.0,0.0,0.0,0.0,0.0,0.0,0.0,0.0,0.0,0.0,0.0,0.0,0.0
d,0.0,0.0,1.039924,0.0,0.0,1.94313,0.0,0.0,0.0,2.000011,0.0,0.0,0.0,0.0,1.305061,0.0,0.0,1.198239,0.0,1.305977,0.0,1.220695,0.0,0.0,0.0,1.39355
e,0.0,1.011781,0.0,1.117492,0.902075,0.0,1.125249,0.0,0.906458,0.0,1.068641,0.973057,0.887984,0.0,0.0,1.982414,1.94313,0.0,2.043985,0.0,0.0,0.0,0.0,1.081938,0.0,0.0
f,0.0,0.0,0.0,0.0,0.0,0.0,0.0,0.0,0.0,0.0,0.0,0.0,0.0,0.0,0.0,0.0,0.0,0.0,0.0,0.0,0.0,0.0,0.0,0.0,0.0,0.0
g,0.0,0.0,1.009847,0.0,0.0,2.043985,0.0,0.0,0.0,1.955928,0.0,0.0,0.0,0.0,1.302567,0.0,0.0,1.421413,0.0,1.286968,0.0,1.186588,0.0,0.0,0.0,1.225635
h,0.0,0.0,0.0,0.0,0.0,0.0,0.0,0.0,0.0,0.0,0.0,0.0,0.0,0.0,0.0,0.0,0.0,0.0,0.0,0.0,0.0,0.0,0.0,0.0,0.0,0.0
i,0.0,1.003916,0.0,0.962658,1.011599,0.0,0.99259,0.0,0.998626,0.0,0.986693,1.013916,1.013134,0.0,0.0,0.0,0.0,0.0,0.0,0.0,1.966549,0.0,2.005755,1.018124,1.966458,0.0
j,0.0,0.0,0.0,0.0,0.0,0.0,0.0,0.0,0.0,0.0,0.0,0.0,0.0,0.0,0.0,0.0,0.0,0.0,0.0,0.0,0.0,0.0,0.0,0.0,0.0,0.0
k,0.0,0.0,0.992695,0.0,0.0,0.0,0.0,1.966549,0.0,0.0,0.0,0.0,0.0,2.025136,1.318099,0.0,0.0,1.202622,0.0,1.293004,0.0,1.291557,0.0,0.0,0.0,1.287493
kh,0.0,0.0,0.0,0.0,0.0,0.0,0.0,0.0,0.0,0.0,0.0,0.0,0.0,0.0,0.0,0.0,0.0,0.0,0.0,0.0,0.0,0.0,0.0,0.0,0.0,0.0
l,0.0,0.0,0.0,0.0,0.0,0.0,0.0,0.0,0.0,0.0,0.0,0.0,0.0,0.0,0.0,0.0,0.0,0.0,0.0,0.0,0.0,0.0,0.0,0.0,0.0,0.0
m,0.0,0.0,0.0,0.0,0.0,0.0,0.0,0.0,0.0,0.0,0.0,0.0,0.0,0.0,0.0,0.0,0.0,0.0,0.0,0.0,0.0,0.0,0.0,0.0,0.0,0.0
n,0.0,0.0,0.0,0.0,0.0,0.0,0.0,0.0,0.0,0.0,0.0,0.0,0.0,0.0,0.0,0.0,0.0,0.0,0.0,0.0,0.0,0.0,0.0,0.0,0.0,0.0
o,0.0,1.055541,0.0,0.925933,0.91437,0.0,0.880263,0.0,0.985232,0.0,1.022682,1.058869,1.041217,0.0,0.0,1.981901,2.000011,0.0,1.955928,0.0,0.0,0.0,0.0,1.113741,0.0,0.0
p,2.354809,0.0,0.983386,0.0,0.0,0.0,0.0,2.005755,0.0,0.0,0.0,0.0,0.0,2.003786,0.345253,0.0,0.0,0.446694,0.0,0.36296,0.0,0.410896,0.0,0.0,0.0,0.396594
ph,0.0,0.0,0.0,0.0,0.0,0.0,0.0,0.0,0.0,0.0,0.0,0.0,0.0,0.0,0.0,0.0,0.0,0.0,0.0,0.0,0.0,0.0,0.0,0.0,0.0,0.0
q,0.0,0.0,0.0,0.0,0.0,0.0,0.0,0.0,0.0,0.0,0.0,0.0,0.0,0.0,0.0,0.0,0.0,0.0,0.0,0.0,0.0,0.0,0.0,0.0,0.0,0.0
r,0.0,0.0,0.964366,0.0,0.0,1.081938,0.0,1.018124,0.0,1.113741,0.0,0.0,0.0,0.916562,1.277497,0.0,0.0,1.269221,0.0,1.308294,0.0,1.365193,0.0,0.0,0.0,1.294809
s,0.0,0.0,0.0,0.0,0.0,0.0,0.0,0.0,0.0,0.0,0.0,0.0,0.0,0.0,0.0,0.0,0.0,0.0,0.0,0.0,0.0,0.0,0.0,0.0,0.0,0.0
t,0.0,0.0,1.001446,0.0,0.0,0.0,0.0,1.966458,0.0,0.0,0.0,0.0,0.0,2.008229,1.308883,0.0,0.0,1.184148,0.0,1.307512,0.0,1.347542,0.0,0.0,0.0,1.271972
th,0.0,0.0,0.0,0.0,0.0,0.0,0.0,0.0,0.0,0.0,0.0,0.0,0.0,0.0,0.0,0.0,0.0,0.0,0.0,0.0,0.0,0.0,0.0,0.0,0.0,0.0
u,0.0,1.004848,0.0,0.964685,1.098961,0.0,0.931046,0.0,0.992903,0.0,1.020116,1.00022,0.977383,0.0,0.0,0.0,0.0,0.0,0.0,0.0,2.025136,0.0,2.003786,0.916562,2.008229,0.0
v,0.0,0.0,0.0,0.0,0.0,0.0,0.0,0.0,0.0,0.0,0.0,0.0,0.0,0.0,0.0,0.0,0.0,0.0,0.0,0.0,0.0,0.0,0.0,0.0,0.0,0.0
w,0.0,0.0,0.0,0.0,0.0,0.0,0.0,0.0,0.0,0.0,0.0,0.0,0.0,0.0,0.0,0.0,0.0,0.0,0.0,0.0,0.0,0.0,0.0,0.0,0.0,0.0
x,0.0,0.0,0.0,0.0,0.0,0.0,0.0,0.0,0.0,0.0,0.0,0.0,0.0,0.0,0.0,0.0,0.0,0.0,0.0,0.0,0.0,0.0,0.0,0.0,0.0,0.0
y,0.0,0.0,0.0,0.0,0.0,0.0,0.0,0.0,0.0,0.0,0.0,0.0,0.0,0.0,0.0,0.0,0.0,0.0,0.0,0.0,0.0,0.0,0.0,0.0,0.0,0.0
z,0.0,0.0,0.0,0.0,0.0,0.0,0.0,0.0,0.0,0.0,0.0,0.0,0.0,0.0,0.0,0.0,0.0,0.0,0.0,0.0,0.0,0.0,0.0,0.0,0.0,0.0
å,0.0,0.0,0.0,0.0,0.0,0.0,0.0,0.0,0.0,0.0,0.0,0.0,0.0,0.0,0.0,0.0,0.0,0.0,0.0,0.0,0.0,0.0,0.0,0.0,0.0,0.0
æ,0.0,0.0,0.0,0.0,0.0,0.0,0.0,0.0,0.0,0.0,0.0,0.0,0.0,0.0,0.0,0.0,0.0,0.0,0.0,0.0,0.0,0.0,0.0,0.0,0.0,0.0
ø,0.0,0.0,0.0,0.0,0.0,0.0,0.0,0.0,0.0,0.0,0.0,0.0,0.0,0.0,0.0,0.0,0.0,0.0,0.0,0.0,0.0,0.0,0.0,0.0,0.0,0.0
