CHAR,#-_,_-#,_-a,_-b,_-d,_-e,_-g,_-i,_-k,_-o,_-p,_-r,_-t,_-u,a-_,b-_,d-_,e-_,g-_,i-_,k-_,o-_,p-_,r-_,t-_,u-_
a,0.0,0.971221,0.0,1.008271,0.939732,0.0,0.999368,0.0,1.033099,0.0,1.003107,1.014083,1.037178,0.0,0.0,1.019366,1.010481,0.0,1.004279,0.0,0.983948,0.0,1.004155,0.979095,0.997013,0.0
b,2.383972,0.0,1.019366,0.0,0.0,1.998947,0.0,0.0,0.0,1.966496,0.0,0.0,0.0,0.0,0.350204,0.0,0.0,0.389747,0.0,0.339216,0.0,0.322979,0.0,0.0,0.0,0.332642
c,0.0,0.0,0.0,0.0,0.0,0.0,0.0,0.0,0.0,0.0,0.0,0.0,0.0,0.0,0.0,0.0,0.0,0.0,0.0,0.0,0.0,0.0,0.0,0.0,0.0,0.0
d,0.0,0.0,1.010481,0.0,0.0,2.046465,0.0,0.0,0.0,1.934001,0.0,0.0,0.0,0.0,1.226994,0.0,0.0,1.356341,0.0,1.426237,0.0,1.30932,0.0,0.0,0.0,1.333524
e,0.0,1.023275,0.0,1.036089,1.057354,0.0,0.985453,0.0,0.905229,0.0,0.937595,1.014196,1.004423,0.0,0.0,1.998947,2.046465,0.0,1.960362,0.0,0.0,0.0,0.0,0.999954,0.0,0.0
f,0.0,0.0,0.0,0.0,0.0,0.0,0.0,0.0,0.0,0.0,0.0,0.0,0.0,0.0,0.0,0.0,0.0,0.0,0.0,0.0,0.0,0.0,0.0,0.0,0.0,0.0
g,0.0,0.0,1.004279,0.0,0.0,1.960362,0.0,0.0,0.0,2.035443,0.0,0.0,0.0,0.0,1.28663,0.0,0.0,1.28444,0.0,1.352351,0.0,1.298742,0.0,0.0,0.0,1.266973
h,0.0,0.0,0.0,0.0,0.0,0.0,0.0,0.0,0.0,0.0,0.0,0.0,0.0,0.0,0.0,0.0,0.0,0.0,0.0,0.0,0.0,0.0,0.0,0.0,0.0,0.0
i,0.0,1.055744,0.0,0.977976,1.119668,0.0,1.045781,0.0,1.008386,0.0,1.024678,0.940815,0.817905,0.0,0.0,0.0,0.0,0.0,0.0,0.0,2.014021,0.0,1.959468,1.043281,2.013952,0.0
j,0.0,0.0,0.0,0.0,0.0,0.0,0.0,0.0,0.0,0.0,0.0,0.0,0.0,0.0,0.0,0.0,0.0,0.0,0.0,0.0,0.0,0.0,0.0,0.0,0.0,0.0
k,0.0,0.0,0.983948,0.0,0.0,0.0,0.0,2.014021,0.0,0.0,0.0,0.0,0.0,2.012696,1.320361,0.0,0.0,1.204217,0.0,1.314955,0.0,1.287878,0.0,0.0,0.0,1.259267
kh,0.0,0.0,0.0,0.0,0.0,0.0,0.0,0.0,0.0,0.0,0.0,0.0,0.0,0.0,0.0,0.0,0.0,0.0,0.0,0.0,0.0,0.0,0.0,0.0,0.0,0.0
l,0.0,0.0,0.0,0.0,0.0,0.0,0.0,0.0,0.0,0.0,0.0,0.0,0.0,0.0,0.0,0.0,0.0,0.0,0.0,0.0,0.0,0.0,0.0,0.0,0.0,0.0
m,0.0,0.0,0.0,0.0,0.0,0.0,0.0,0.0,0.0,0.0,0.0,0.0,0.0,0.0,0.0,0.0,0.0,0.0,0.0,0.0,0.0,0.0,0.0,0.0,0.0,0.0
n,0.0,0.0,0.0,0.0,0.0,0.0,0.0,0.0,0.0,0.0,0.0,0.0,0.0,0.0,0.0,0.0,0.0,0.0,0.0,0.0,0.0,0.0,0.0,0.0,0.0,0.0
o,0.0,1.035942,0.0,0.966387,1.007399,0.0,0.996822,0.0,0.985958,0.0,1.027886,0.977018,0.993174,0.0,0.0,1.966496,1.934001,0.0,2.035443,0.0,0.0,0.0,0.0,1.093749,0.0,0.0
p,2.34705,0.0,1.004155,0.0,0.0,0.0,0.0,1.959468,0.0,0.0,0.0,0.0,0.0,2.026394,0.378393,0.0,0.0,0.324607,0.0,0.419272,0.0,0.417831,0.0,0.0,0.0,0.377688
ph,0.0,0.0,0.0,0.0,0.0,0.0,0.0,0.0,0.0,0.0,0.0,0.0,0.0,0.0,0.0,0.0,0.0,0.0,0.0,0.0,0.0,0.0,0.0,0.0,0.0,0.0
q,0.0,0.0,0.0,0.0,0.0,0.0,0.0,0.0,0.0,0.0,0.0,0.0,0.0,0.0,0.0,0.0,0.0,0.0,0.0,0.0,0.0,0.0,0.0,0.0,0.0,0.0
r,0.0,0.0,0.979095,0.0,0.0,0.999954,0.0,1.043281,0.0,1.093749,0.0,0.0,0.0,0.94177,1.301345,0.0,0.0,1.313183,0.0,1.247384,0.0,1.278938,0.0,0.0,0.0,1.302671
s,0.0,0.0,0.0,0.0,0.0,0.0,0.0,0.0,0.0,0.0,0.0,0.0,0.0,0.0,0.0,0.0,0.0,0.0,0.0,0.0,0.0,0.0,0.0,0.0,0.0,0.0
t,0.0,0.0,0.997013,0.0,0.0,0.0,0.0,2.013952,0.0,0.0,0.0,0.0,0.0,1.987588,1.32444,0.0,0.0,1.303411,0.0,1.124474,0.0,1.295094,0.0,0.0,0.0,1.316191
th,0.0,0.0,0.0,0.0,0.0,0.0,0.0,0.0,0.0,0.0,0.0,0.0,0.0,0.0,0.0,0.0,0.0,0.0,0.0,0.0,0.0,0.0,0.0,0.0,0.0,0.0
u,0.0,0.99598,0.0,0.985197,1.040749,0.0,0.974198,0.0,0.966492,0.0,0.996889,1.009896,1.023416,0.0,0.0,0.0,0.0,0.0,0.0,0.0,2.012696,0.0,2.026394,0.94177,1.987588,0.0
v,0.0,0.0,0.0,0.0,0.0,0.0,0.0,0.0,0.0,0.0,0.0,0.0,0.0,0.0,0.0,0.0,0.0,0.0,0.0,0.0,0.0,0.0,0.0,0.0,0.0,0.0
w,0.0,0.0,0.0,0.0,0.0,0.0,0.0,0.0,0.0,0.0,0.0,0.0,0.0,0.0,0.0,0.0,0.0,0.0,0.0,0.0,0.0,0.0,0.0,0.0,0.0,0.0
x,0.0,0.0,0.0,0.0,0.0,0.0,0.0,0.0,0.0,0.0,0.0,0.0,0.0,0.0,0.0,0.0,0.0,0.0,0.0,0.0,0.0,0.0,0.0,0.0,0.0,0.0
y,0.0,0.0,0.0,0.0,0.0,0.0,0.0,0.0,0.0,0.0,0.0,0.0,0.0,0.0,0.0,0.0,0.0,0.0,0.0,0.0,0.0,0.0,0.0,0.0,0.0,0.0
z,0.0,0.0,0.0,0.0,0.0,0.0,0.0,0.0,0.0,0.0,0.0,0.0,0.0,0.0,0.0,0.0,0.0,0.0,0.0,0.0,0.0,0.0,0.0,0.0,0.0,0.0
å,0.0,0.0,0.0,0.0,0.0,0.0,0.0,0.0,0.0,0.0,0.0,0.0,0.0,0.0,0.0,0.0,0.0,0.0,0.0,0.0,0.0,0.0,0.0,0.0,0.0,0.0
æ,0.0,0.0,0.0,0.0,0.0,0.0,0.0,0.0,0.0,0.0,0.0,0.0,0.0,0.0,0.0,0.0,0.0,0.0,0.0,0.0,0.0,0.0,0.0,0.0,0.0,0.0
ø,0.0,0.0,0.0,0.0,0.0,0.0,0.0,0.0,0.0,0.0,0.0,0.0,0.0,0.0,0.0,0.0,0.0,0.0,0.0,0.0,0.0,0.0,0.0,0.0,0.0,0.0
