CHAR,#-_,_-#,_-a,_-b,_-d,_-e,_-g,_-i,_-k,_-o,_-p,_-r,_-t,_-u,a-_,b-_,d-_,e-_,g-_,i-_,k-_,o-_,p-_,r-_,t-_,u-_
a,0.0,0.984645,0.0,0.999539,1.029677,0.0,0.968135,0.0,0.98076,0.0,0.993377,1.023575,1.009367,0.0,0.0,0.986929,0.996192,0.0,1.01244,0.0,1.041241,0.0,1.006962,0.97508,1.010124,0.0
b,2.37398,0.0,0.986929,0.0,0.0,1.971634,0.0,0.0,0.0,2.005839,0.0,0.0,0.0,0.0,0.345155,0.0,0.0,0.398444,0.0,0.238322,0.0,0.436018,0.0,0.0,0.0,0.326472
c,0.0,0.0,0.0,0.0,0.0,0.0,0.0,0.0,0.0,0.0,0.0,0.0,0.0,0.0,0.0,0.0,0.0,0.0,0.0,0.0,0.0,0.0,0.0,0.0,0.0,0.0
d,0.0,0.0,0.996192,0.0,0.0,2.026225,0.0,0.0,0.0,1.930575,0.0,0.0,0.0,0.0,1.322639,0.0,0.0,1.290662,0.0,1.219429,0.0,1.300603,0.0,0.0,0.0,1.267491
e,0.0,1.02312,0.0,1.044021,0.988894,0.0,1.034103,0.0,1.071349,0.0,1.007219,0.913213,0.973545,0.0,0.0,1.971634,2.026225,0.0,1.989418,0.0,0.0,0.0,0.0,0.970083,0.0,0.0
f,0.0,0.0,0.0,0.0,0.0,0.0,0.0,0.0,0.0,0.0,0.0,0.0,0.0,0.0,0.0,0.0,0.0,0.0,0.0,0.0,0.0,0.0,0.0,0.0,0.0,0.0
g,0.0,0.0,1.01244,0.0,0.0,1.989418,0.0,0.0,0.0,1.937183,0.0,0.0,0.0,0.0,1.261097,0.0,0.0,1.335871,0.0,1.348671,0.0,1.28605,0.0,0.0,0.0,1.35004
h,0.0,0.0,0.0,0.0,0.0,0.0,0.0,0.0,0.0,0.0,0.0,0.0,0.0,0.0,0.0,0.0,0.0,0.0,0.0,0.0,0.0,0.0,0.0,0.0,0.0,0.0
i,0.0,1.031244,0.0,0.882002,0.915764,0.0,1.045007,0.0,1.01953,0.0,1.044212,1.02806,0.969265,0.0,0.0,0.0,0.0,0.0,0.0,0.0,2.012413,0.0,1.999815,1.04096,2.014876,0.0
j,0.0,0.0,0.0,0.0,0.0,0.0,0.0,0.0,0.0,0.0,0.0,0.0,0.0,0.0,0.0,0.0,0.0,0.0,0.0,0.0,0.0,0.0,0.0,0.0,0.0,0.0
k,0.0,0.0,1.041241,0.0,0.0,0.0,0.0,2.012413,0.0,0.0,0.0,0.0,0.0,1.953274,1.273722,0.0,0.0,1.373117,0.0,1.323194,0.0,1.305461,0.0,0.0,0.0,1.267516
kh,0.0,0.0,0.0,0.0,0.0,0.0,0.0,0.0,0.0,0.0,0.0,0.0,0.0,0.0,0.0,0.0,0.0,0.0,0.0,0.0,0.0,0.0,0.0,0.0,0.0,0.0
l,0.0,0.0,0.0,0.0,0.0,0.0,0.0,0.0,0.0,0.0,0.0,0.0,0.0,0.0,0.0,0.0,0.0,0.0,0.0,0.0,0.0,0.0,0.0,0.0,0.0,0.0
m,0.0,0.0,0.0,0.0,0.0,0.0,0.0,0.0,0.0,0.0,0.0,0.0,0.0,0.0,0.0,0.0,0.0,0.0,0.0,0.0,0.0,0.0,0.0,0.0,0.0,0.0
n,0.0,0.0,0.0,0.0,0.0,0.0,0.0,0.0,0.0,0.0,0.0,0.0,0.0,0.0,0.0,0.0,0.0,0.0,0.0,0.0,0.0,0.0,0.0,0.0,0.0,0.0
o,0.0,0.997528,0.0,1.087485,1.004725,0.0,0.990171,0.0,1.009583,0.0,0.968451,0.98556,0.96757,0.0,0.0,2.005839,1.930575,0.0,1.937183,0.0,0.0,0.0,0.0,1.050634,0.0,0.0
p,2.347584,0.0,1.006962,0.0,0.0,0.0,0.0,1.999815,0.0,0.0,0.0,0.0,0.0,2.035005,0.363073,0.0,0.0,0.385721,0.0,0.424611,0.0,0.341063,0.0,0.0,0.0,0.380465
ph,0.0,0.0,0.0,0.0,0.0,0.0,0.0,0.0,0.0,0.0,0.0,0.0,0.0,0.0,0.0,0.0,0.0,0.0,0.0,0.0,0.0,0.0,0.0,0.0,0.0,0.0
q,0.0,0.0,0.0,0.0,0.0,0.0,0.0,0.0,0.0,0.0,0.0,0.0,0.0,0.0,0.0,0.0,0.0,0.0,0.0,0.0,0.0,0.0,0.0,0.0,0.0,0.0
r,0.0,0.0,0.97508,0.0,0.0,0.970083,0.0,1.04096,0.0,1.050634,0.0,0.0,0.0,1.034131,1.316537,0.0,0.0,1.214981,0.0,1.331724,0.0,1.281438,0.0,0.0,0.0,1.278398
s,0.0,0.0,0.0,0.0,0.0,0.0,0.0,0.0,0.0,0.0,0.0,0.0,0.0,0.0,0.0,0.0,0.0,0.0,0.0,0.0,0.0,0.0,0.0,0.0,0.0,0.0
t,0.0,0.0,1.010124,0.0,0.0,0.0,0.0,2.014876,0.0,0.0,0.0,0.0,0.0,2.01402,1.302328,0.0,0.0,1.275313,0.0,1.272929,0.0,1.263449,0.0,0.0,0.0,1.350316
th,0.0,0.0,0.0,0.0,0.0,0.0,0.0,0.0,0.0,0.0,0.0,0.0,0.0,0.0,0.0,0.0,0.0,0.0,0.0,0.0,0.0,0.0,0.0,0.0,0.0,0.0
u,0.0,1.00706,0.0,0.97576,0.969434,0.0,1.051983,0.0,0.969459,0.0,1.005674,0.980341,1.052259,0.0,0.0,0.0,0.0,0.0,0.0,0.0,1.953274,0.0,2.035005,1.034131,2.01402,0.0
v,0.0,0.0,0.0,0.0,0.0,0.0,0.0,0.0,0.0,0.0,0.0,0.0,0.0,0.0,0.0,0.0,0.0,0.0,0.0,0.0,0.0,0.0,0.0,0.0,0.0,0.0
w,0.0,0.0,0.0,0.0,0.0,0.0,0.0,0.0,0.0,0.0,0.0,0.0,0.0,0.0,0.0,0.0,0.0,0.0,0.0,0.0,0.0,0.0,0.0,0.0,0.0,0.0
x,0.0,0.0,0.0,0.0,0.0,0.0,0.0,0.0,0.0,0.0,0.0,0.0,0.0,0.0,0.0,0.0,0.0,0.0,0.0,0.0,0.0,0.0,0.0,0.0,0.0,0.0
y,0.0,0.0,0.0,0.0,0.0,0.0,0.0,0.0,0.0,0.0,0.0,0.0,0.0,0.0,0.0,0.0,0.0,0.0,0.0,0.0,0.0,0.0,0.0,0.0,0.0,0.0
z,0.0,0.0,0.0,0.0,0.0,0.0,0.0,0.0,0.0,0.0,0.0,0.0,0.0,0.0,0.0,0.0,0.0,0.0,0.0,0.0,0.0,0.0,0.0,0.0,0.0,0.0
å,0.0,0.0,0.0,0.0,0.0,0.0,0.0,0.0,0.0,0.0,0.0,0.0,0.0,0.0,0.0,0.0,0.0,0.0,0.0,0.0,0.0,0.0,0.0,0.0,0.0,0.0
æ,0.0,0.0,0.0,0.0,0.0,0.0,0.0,0.0,0.0,0.0,0.0,0.0,0.0,0.0,0.0,0.0,0.0,0.0,0.0,0.0,0.0,0.0,0.0,0.0,0.0,0.0
ø,0.0,0.0,0.0,0.0,0.0,0.0,0.0,0.0,0.0,0.0,0.0,0.0,0.0,0.0,0.0,0.0,0.0,0.0,0.0,0.0,0.0,0.0,0.0,0.0,0.0,0.0
