CHAR,#-_,_-#,_-a,_-b,_-d,_-e,_-g,_-i,_-k,_-o,_-p,_-r,_-t,_-u,a-_,b-_,d-_,e-_,g-_,i-_,k-_,o-_,p-_,r-_,t-_,u-_
a,0.0,0.982654,0.0,1.011093,0.985763,0.0,1.021293,0.0,1.025954,0.0,1.012451,0.99529,0.982747,0.0,0.0,1.009449,1.02565,0.0,1.0569,0.0,1.025243,0.0,0.990366,0.946956,0.992117,0.0
b,2.35656,0.0,1.009449,0.0,0.0,1.999816,0.0,0.0,0.0,1.993954,0.0,0.0,0.0,0.0,0.378547,0.0,0.0,0.339766,0.0,0.292772,0.0,0.391395,0.0,0.0,0.0,0.431445
c,0.0,0.0,0.0,0.0,0.0,0.0,0.0,0.0,0.0,0.0,0.0,0.0,0.0,0.0,0.0,0.0,0.0,0.0,0.0,0.0,0.0,0.0,0.0,0.0,0.0,0.0
d,0.0,0.0,1.02565,0.0,0.0,1.980871,0.0,0.0,0.0,1.98055,0.0,0.0,0.0,0.0,1.276196,0.0,0.0,1.231159,0.0,1.356451,0.0,1.298461,0.0,0.0,0.0,1.357308
e,0.0,1.030503,0.0,0.961421,0.929836,0.0,0.972287,0.0,0.976199,0.0,1.030158,1.016224,1.038639,0.0,0.0,1.999816,1.980871,0.0,1.983602,0.0,0.0,0.0,0.0,1.021898,0.0,0.0
f,0.0,0.0,0.0,0.0,0.0,0.0,0.0,0.0,0.0,0.0,0.0,0.0,0.0,0.0,0.0,0.0,0.0,0.0,0.0,0.0,0.0,0.0,0.0,0.0,0.0,0.0
g,0.0,0.0,1.0569,0.0,0.0,1.983602,0.0,0.0,0.0,1.91158,0.0,0.0,0.0,0.0,1.311726,0.0,0.0,1.27361,0.0,1.408225,0.0,1.224036,0.0,0.0,0.0,1.188752
h,0.0,0.0,0.0,0.0,0.0,0.0,0.0,0.0,0.0,0.0,0.0,0.0,0.0,0.0,0.0,0.0,0.0,0.0,0.0,0.0,0.0,0.0,0.0,0.0,0.0,0.0
i,0.0,1.000711,0.0,0.92126,1.06196,0.0,1.113735,0.0,0.967376,0.0,0.946058,0.994574,0.991324,0.0,0.0,0.0,0.0,0.0,0.0,0.0,1.929901,0.0,1.985678,1.076481,2.032196,0.0
j,0.0,0.0,0.0,0.0,0.0,0.0,0.0,0.0,0.0,0.0,0.0,0.0,0.0,0.0,0.0,0.0,0.0,0.0,0.0,0.0,0.0,0.0,0.0,0.0,0.0,0.0
k,0.0,0.0,1.025243,0.0,0.0,0.0,0.0,1.929901,0.0,0.0,0.0,0.0,0.0,2.007435,1.316386,0.0,0.0,1.277522,0.0,1.261866,0.0,1.227467,0.0,0.0,0.0,1.320653
kh,0.0,0.0,0.0,0.0,0.0,0.0,0.0,0.0,0.0,0.0,0.0,0.0,0.0,0.0,0.0,0.0,0.0,0.0,0.0,0.0,0.0,0.0,0.0,0.0,0.0,0.0
l,0.0,0.0,0.0,0.0,0.0,0.0,0.0,0.0,0.0,0.0,0.0,0.0,0.0,0.0,0.0,0.0,0.0,0.0,0.0,0.0,0.0,0.0,0.0,0.0,0.0,0.0
m,0.0,0.0,0.0,0.0,0.0,0.0,0.0,0.0,0.0,0.0,0.0,0.0,0.0,0.0,0.0,0.0,0.0,0.0,0.0,0.0,0.0,0.0,0.0,0.0,0.0,0.0
n,0.0,0.0,0.0,0.0,0.0,0.0,0.0,0.0,0.0,0.0,0.0,0.0,0.0,0.0,0.0,0.0,0.0,0.0,0.0,0.0,0.0,0.0,0.0,0.0,0.0,0.0
o,0.0,1.033073,0.0,1.012453,0.99654,0.0,0.922116,0.0,0.925547,0.0,1.074989,1.026248,0.949078,0.0,0.0,1.993954,1.98055,0.0,1.91158,0.0,0.0,0.0,0.0,1.101975,0.0,0.0
p,2.346503,0.0,0.990366,0.0,0.0,0.0,0.0,1.985678,0.0,0.0,0.0,0.0,0.0,2.020847,0.388858,0.0,0.0,0.417456,0.0,0.326523,0.0,0.462884,0.0,0.0,0.0,0.274776
ph,0.0,0.0,0.0,0.0,0.0,0.0,0.0,0.0,0.0,0.0,0.0,0.0,0.0,0.0,0.0,0.0,0.0,0.0,0.0,0.0,0.0,0.0,0.0,0.0,0.0,0.0
q,0.0,0.0,0.0,0.0,0.0,0.0,0.0,0.0,0.0,0.0,0.0,0.0,0.0,0.0,0.0,0.0,0.0,0.0,0.0,0.0,0.0,0.0,0.0,0.0,0.0,0.0
r,0.0,0.0,0.946956,0.0,0.0,1.021898,0.0,1.076481,0.0,1.101975,0.0,0.0,0.0,0.997224,1.285722,0.0,0.0,1.317547,0.0,1.289064,0.0,1.328168,0.0,0.0,0.0,1.276017
s,0.0,0.0,0.0,0.0,0.0,0.0,0.0,0.0,0.0,0.0,0.0,0.0,0.0,0.0,0.0,0.0,0.0,0.0,0.0,0.0,0.0,0.0,0.0,0.0,0.0,0.0
t,0.0,0.0,0.992117,0.0,0.0,0.0,0.0,2.032196,0.0,0.0,0.0,0.0,0.0,1.96936,1.273179,0.0,0.0,1.339962,0.0,1.285814,0.0,1.250999,0.0,0.0,0.0,1.378772
th,0.0,0.0,0.0,0.0,0.0,0.0,0.0,0.0,0.0,0.0,0.0,0.0,0.0,0.0,0.0,0.0,0.0,0.0,0.0,0.0,0.0,0.0,0.0,0.0,0.0,0.0
u,0.0,1.002647,0.0,1.059494,1.06238,0.0,0.893823,0.0,1.025724,0.0,0.893873,0.981088,1.083843,0.0,0.0,0.0,0.0,0.0,0.0,0.0,2.007435,0.0,2.020847,0.997224,1.96936,0.0
v,0.0,0.0,0.0,0.0,0.0,0.0,0.0,0.0,0.0,0.0,0.0,0.0,0.0,0.0,0.0,0.0,0.0,0.0,0.0,0.0,0.0,0.0,0.0,0.0,0.0,0.0
w,0.0,0.0,0.0,0.0,0.0,0.0,0.0,0.0,0.0,0.0,0.0,0.0,0.0,0.0,0.0,0.0,0.0,0.0,0.0,0.0,0.0,0.0,0.0,0.0,0.0,0.0
x,0.0,0.0,0.0,0.0,0.0,0.0,0.0,0.0,0.0,0.0,0.0,0.0,0.0,0.0,0.0,0.0,0.0,0.0,0.0,0.0,0.0,0.0,0.0,0.0,0.0,0.0
y,0.0,0.0,0.0,0.0,0.0,0.0,0.0,0.0,0.0,0.0,0.0,0.0,0.0,0.0,0.0,0.0,0.0,0.0,0.0,0.0,0.0,0.0,0.0,0.0,0.0,0.0
z,0.0,0.0,0.0,0.0,0.0,0.0,0.0,0.0,0.0,0.0,0.0,0.0,0.0,0.0,0.0,0.0,0.0,0.0,0.0,0.0,0.0,0.0,0.0,0.0,0.0,0.0
å,0.0,0.0,0.0,0.0,0.0,0.0,0.0,0.0,0.0,0.0,0.0,0.0,0.0,0.0,0.0,0.0,0.0,0.0,0.0,0.0,0.0,0.0,0.0,0.0,0.0,0.0
æ,0.0,0.0,0.0,0.0,0.0,0.0,0.0,0.0,0.0,0.0,0.0,0.0,0.0,0.0,0.0,0.0,0.0,0.0,0.0,0.0,0.0,0.0,0.0,0.0,0.0,0.0
ø,0.0,0.0,0.0,0.0,0.0,0.0,0.0,0.0,0.0,0.0,0.0,0.0,0.0,0.0,0.0,0.0,0.0,0.0,0.0,0.0,0.0,0.0,0.0,0.0,0.0,0.0
