CHAR,#-_,_-#,_-a,_-b,_-d,_-e,_-g,_-i,_-k,_-o,_-p,_-r,_-t,_-u,a-_,b-_,d-_,e-_,g-_,i-_,k-_,o-_,p-_,r-_,t-_,u-_
a,0.0,0.98252,0.0,0.989322,1.007456,0.0,0.975268,0.0,1.022996,0.0,1.021254,1.002948,1.008555,0.0,0.0,1.002794,1.034963,0.0,0.977459,0.0,0.979587,0.0,1.028115,0.96883,1.009262,0.0
b,2.360594,0.0,1.002794,0.0,0.0,2.010958,0.0,0.0,0.0,1.971223,0.0,0.0,0.0,0.0,0.354787,0.0,0.0,0.41854,0.0,0.380663,0.0,0.335163,0.0,0.0,0.0,0.399133
c,0.0,0.0,0.0,0.0,0.0,0.0,0.0,0.0,0.0,0.0,0.0,0.0,0.0,0.0,0.0,0.0,0.0,0.0,0.0,0.0,0.0,0.0,0.0,0.0,0.0,0.0
d,0.0,0.0,1.034963,0.0,0.0,1.94246,0.0,0.0,0.0,1.974992,0.0,0.0,0.0,0.0,1.29731,0.0,0.0,1.274507,0.0,1.300577,0.0,1.241635,0.0,0.0,0.0,1.343292
e,0.0,1.034992,0.0,1.041134,0.972712,0.0,0.957939,0.0,1.005018,0.0,1.026779,0.986036,0.956712,0.0,0.0,2.010958,1.94246,0.0,1.992222,0.0,0.0,0.0,0.0,1.026599,0.0,0.0
f,0.0,0.0,0.0,0.0,0.0,0.0,0.0,0.0,0.0,0.0,0.0,0.0,0.0,0.0,0.0,0.0,0.0,0.0,0.0,0.0,0.0,0.0,0.0,0.0,0.0,0.0
g,0.0,0.0,0.977459,0.0,0.0,1.992222,0.0,0.0,0.0,2.038756,0.0,0.0,0.0,0.0,1.265122,0.0,0.0,1.259733,0.0,1.341124,0.0,1.329259,0.0,0.0,0.0,1.354155
h,0.0,0.0,0.0,0.0,0.0,0.0,0.0,0.0,0.0,0.0,0.0,0.0,0.0,0.0,0.0,0.0,0.0,0.0,0.0,0.0,0.0,0.0,0.0,0.0,0.0,0.0
i,0.0,0.952587,0.0,1.021774,1.0173,0.0,1.057847,0.0,0.968492,0.0,0.99615,0.997219,1.026242,0.0,0.0,0.0,0.0,0.0,0.0,0.0,2.022521,0.0,1.986781,1.058736,1.958224,0.0
j,0.0,0.0,0.0,0.0,0.0,0.0,0.0,0.0,0.0,0.0,0.0,0.0,0.0,0.0,0.0,0.0,0.0,0.0,0.0,0.0,0.0,0.0,0.0,0.0,0.0,0.0
k,0.0,0.0,0.979587,0.0,0.0,0.0,0.0,2.022521,0.0,0.0,0.0,0.0,0.0,2.029189,1.312851,0.0,0.0,1.306812,0.0,1.251769,0.0,1.325118,0.0,0.0,0.0,1.211701
kh,0.0,0.0,0.0,0.0,0.0,0.0,0.0,0.0,0.0,0.0,0.0,0.0,0.0,0.0,0.0,0.0,0.0,0.0,0.0,0.0,0.0,0.0,0.0,0.0,0.0,0.0
l,0.0,0.0,0.0,0.0,0.0,0.0,0.0,0.0,0.0,0.0,0.0,0.0,0.0,0.0,0.0,0.0,0.0,0.0,0.0,0.0,0.0,0.0,0.0,0.0,0.0,0.0
m,0.0,0.0,0.0,0.0,0.0,0.0,0.0,0.0,0.0,0.0,0.0,0.0,0.0,0.0,0.0,0.0,0.0,0.0,0.0,0.0,0.0,0.0,0.0,0.0,0.0,0.0
n,0.0,0.0,0.0,0.0,0.0,0.0,0.0,0.0,0.0,0.0,0.0,0.0,0.0,0.0,0.0,0.0,0.0,0.0,0.0,0.0,0.0,0.0,0.0,0.0,0.0,0.0
o,0.0,1.056985,0.0,0.952592,0.934675,0.0,1.022299,0.0,1.018158,0.0,0.927153,0.98546,1.063695,0.0,0.0,1.971223,1.974992,0.0,2.038756,0.0,0.0,0.0,0.0,1.024567,0.0,0.0
p,2.356465,0.0,1.028115,0.0,0.0,0.0,0.0,1.986781,0.0,0.0,0.0,0.0,0.0,1.968851,0.390416,0.0,0.0,0.407882,0.0,0.358735,0.0,0.313421,0.0,0.0,0.0,0.341077
ph,0.0,0.0,0.0,0.0,0.0,0.0,0.0,0.0,0.0,0.0,0.0,0.0,0.0,0.0,0.0,0.0,0.0,0.0,0.0,0.0,0.0,0.0,0.0,0.0,0.0,0.0
q,0.0,0.0,0.0,0.0,0.0,0.0,0.0,0.0,0.0,0.0,0.0,0.0,0.0,0.0,0.0,0.0,0.0,0.0,0.0,0.0,0.0,0.0,0.0,0.0,0.0,0.0
r,0.0,0.0,0.96883,0.0,0.0,1.026599,0.0,1.058736,0.0,1.024567,0.0,0.0,0.0,1.00859,1.292803,0.0,0.0,1.287831,0.0,1.280496,0.0,1.29242,0.0,0.0,0.0,1.31866
s,0.0,0.0,0.0,0.0,0.0,0.0,0.0,0.0,0.0,0.0,0.0,0.0,0.0,0.0,0.0,0.0,0.0,0.0,0.0,0.0,0.0,0.0,0.0,0.0,0.0,0.0
t,0.0,0.0,1.009262,0.0,0.0,0.0,0.0,1.958224,0.0,0.0,0.0,0.0,0.0,2.035796,1.298409,0.0,0.0,1.258507,0.0,1.30952,0.0,1.370655,0.0,0.0,0.0,1.211349
th,0.0,0.0,0.0,0.0,0.0,0.0,0.0,0.0,0.0,0.0,0.0,0.0,0.0,0.0,0.0,0.0,0.0,0.0,0.0,0.0,0.0,0.0,0.0,0.0,0.0,0.0
u,0.0,1.021561,0.0,1.024835,1.044605,0.0,1.055467,0.0,0.913014,0.0,0.963082,1.019972,0.912661,0.0,0.0,0.0,0.0,0.0,0.0,0.0,2.029189,0.0,1.968851,1.00859,2.035796,0.0
v,0.0,0.0,0.0,0.0,0.0,0.0,0.0,0.0,0.0,0.0,0.0,0.0,0.0,0.0,0.0,0.0,0.0,0.0,0.0,0.0,0.0,0.0,0.0,0.0,0.0,0.0
w,0.0,0.0,0.0,0.0,0.0,0.0,0.0,0.0,0.0,0.0,0.0,0.0,0.0,0.0,0.0,0.0,0.0,0.0,0.0,0.0,0.0,0.0,0.0,0.0,0.0,0.0
x,0.0,0.0,0.0,0.0,0.0,0.0,0.0,0.0,0.0,0.0,0.0,0.0,0.0,0.0,0.0,0.0,0.0,0.0,0.0,0.0,0.0,0.0,0.0,0.0,0.0,0.0
y,0.0,0.0,0.0,0.0,0.0,0.0,0.0,0.0,0.0,0.0,0.0,0.0,0.0,0.0,0.0,0.0,0.0,0.0,0.0,0.0,0.0,0.0,0.0,0.0,0.0,0.0
z,0.0,0.0,0.0,0.0,0.0,0.0,0.0,0.0,0.0,0.0,0.0,0.0,0.0,0.0,0.0,0.0,0.0,0.0,0.0,0.0,0.0,0.0,0.0,0.0,0.0,0.0
å,0.0,0.0,0.0,0.0,0.0,0.0,0.0,0.0,0.0,0.0,0.0,0.0,0.0,0.0,0.0,0.0,0.0,0.0,0.0,0.0,0.0,0.0,0.0,0.0,0.0,0.0
æ,0.0,0.0,0.0,0.0,0.0,0.0,0.0,0.0,0.0,0.0,0.0,0.0,0.0,0.0,0.0,0.0,0.0,0.0,0.0,0.0,0.0,0.0,0.0,0.0,0.0,0.0
ø,0.0,0.0,0.0,0.0,0.0,0.0,0.0,0.0,0.0,0.0,0.0,0.0,0.0,0.0,0.0,0.0,0.0,0.0,0.0,0.0,0.0,0.0,0.0,0.0,0.0,0.0
