CHAR,#-_,_-#,_-a,_-b,_-d,_-e,_-g,_-i,_-k,_-o,_-p,_-r,_-t,_-u,a-_,b-_,d-_,e-_,g-_,i-_,k-_,o-_,p-_,r-_,t-_,u-_
a,0.0,0.97641,0.0,1.012278,0.987345,0.0,1.023895,0.0,1.026412,0.0,1.01578,0.995921,0.984334,0.0,0.0,0.823339,1.028599,0.0,1.059415,0.0,1.026412,0.0,1.198767,0.949184,0.99513,0.0
b,2.16573,0.0,0.823339,0.0,0.0,1.814617,0.0,0.0,0.0,1.807407,0.0,0.0,0.0,0.0,0.526907,0.0,0.0,0.510168,0.0,0.437604,0.0,0.55165,0.0,0.0,0.0,0.552226
c,0.0,0.0,0.0,0.0,0.0,0.0,0.0,0.0,0.0,0.0,0.0,0.0,0.0,0.0,0.0,0.0,0.0,0.0,0.0,0.0,0.0,0.0,0.0,0.0,0.0,0.0
d,0.0,0.0,1.028599,0.0,0.0,1.982422,0.0,0.0,0.0,1.983491,0.0,0.0,0.0,0.0,1.277904,0.0,0.0,1.233753,0.0,1.354348,0.0,1.300146,0.0,0.0,0.0,1.360497
e,0.0,1.021581,0.0,0.985265,0.93292,0.0,0.972099,0.0,0.978122,0.0,1.029314,1.015741,1.039522,0.0,0.0,1.814617,1.982422,0.0,1.98623,0.0,0.0,0.0,0.0,1.025657,0.0,0.0
f,0.0,0.0,0.0,0.0,0.0,0.0,0.0,0.0,0.0,0.0,0.0,0.0,0.0,0.0,0.0,0.0,0.0,0.0,0.0,0.0,0.0,0.0,0.0,0.0,0.0,0.0
g,0.0,0.0,1.059415,0.0,0.0,1.98623,0.0,0.0,0.0,1.914361,0.0,0.0,0.0,0.0,1.314454,0.0,0.0,1.272933,0.0,1.408226,0.0,1.228514,0.0,0.0,0.0,1.186464
h,0.0,0.0,0.0,0.0,0.0,0.0,0.0,0.0,0.0,0.0,0.0,0.0,0.0,0.0,0.0,0.0,0.0,0.0,0.0,0.0,0.0,0.0,0.0,0.0,0.0,0.0
i,0.0,1.017758,0.0,0.913587,1.054399,0.0,1.108277,0.0,0.964597,0.0,0.952768,0.992278,0.992861,0.0,0.0,0.0,0.0,0.0,0.0,0.0,1.92444,0.0,1.745203,1.069682,2.026745,0.0
j,0.0,0.0,0.0,0.0,0.0,0.0,0.0,0.0,0.0,0.0,0.0,0.0,0.0,0.0,0.0,0.0,0.0,0.0,0.0,0.0,0.0,0.0,0.0,0.0,0.0,0.0
k,0.0,0.0,1.026412,0.0,0.0,0.0,0.0,1.92444,0.0,0.0,0.0,0.0,0.0,2.00058,1.316971,0.0,0.0,1.278955,0.0,1.264546,0.0,1.22823,0.0,0.0,0.0,1.325727
kh,0.0,0.0,0.0,0.0,0.0,0.0,0.0,0.0,0.0,0.0,0.0,0.0,0.0,0.0,0.0,0.0,0.0,0.0,0.0,0.0,0.0,0.0,0.0,0.0,0.0,0.0
l,0.0,0.0,0.0,0.0,0.0,0.0,0.0,0.0,0.0,0.0,0.0,0.0,0.0,0.0,0.0,0.0,0.0,0.0,0.0,0.0,0.0,0.0,0.0,0.0,0.0,0.0
m,0.0,0.0,0.0,0.0,0.0,0.0,0.0,0.0,0.0,0.0,0.0,0.0,0.0,0.0,0.0,0.0,0.0,0.0,0.0,0.0,0.0,0.0,0.0,0.0,0.0,0.0
n,0.0,0.0,0.0,0.0,0.0,0.0,0.0,0.0,0.0,0.0,0.0,0.0,0.0,0.0,0.0,0.0,0.0,0.0,0.0,0.0,0.0,0.0,0.0,0.0,0.0,0.0
o,0.0,1.027271,0.0,1.025425,0.99799,0.0,0.926358,0.0,0.926074,0.0,1.08509,1.024208,0.948405,0.0,0.0,1.807407,1.983491,0.0,1.914361,0.0,0.0,0.0,0.0,1.10675,0.0,0.0
p,2.551529,0.0,1.198767,0.0,0.0,0.0,0.0,1.745203,0.0,0.0,0.0,0.0,0.0,1.784849,0.174951,0.0,0.0,0.19876,0.0,0.121329,0.0,0.255858,0.0,0.0,0.0,0.033058
ph,0.0,0.0,0.0,0.0,0.0,0.0,0.0,0.0,0.0,0.0,0.0,0.0,0.0,0.0,0.0,0.0,0.0,0.0,0.0,0.0,0.0,0.0,0.0,0.0,0.0,0.0
q,0.0,0.0,0.0,0.0,0.0,0.0,0.0,0.0,0.0,0.0,0.0,0.0,0.0,0.0,0.0,0.0,0.0,0.0,0.0,0.0,0.0,0.0,0.0,0.0,0.0,0.0
r,0.0,0.0,0.949184,0.0,0.0,1.025657,0.0,1.069682,0.0,1.10675,0.0,0.0,0.0,0.986624,1.28648,0.0,0.0,1.316575,0.0,1.292226,0.0,1.326364,0.0,0.0,0.0,1.285076
s,0.0,0.0,0.0,0.0,0.0,0.0,0.0,0.0,0.0,0.0,0.0,0.0,0.0,0.0,0.0,0.0,0.0,0.0,0.0,0.0,0.0,0.0,0.0,0.0,0.0,0.0
t,0.0,0.0,0.99513,0.0,0.0,0.0,0.0,2.026745,0.0,0.0,0.0,0.0,0.0,1.958668,1.274894,0.0,0.0,1.340356,0.0,1.292809,0.0,1.250561,0.0,0.0,0.0,1.37717
th,0.0,0.0,0.0,0.0,0.0,0.0,0.0,0.0,0.0,0.0,0.0,0.0,0.0,0.0,0.0,0.0,0.0,0.0,0.0,0.0,0.0,0.0,0.0,0.0,0.0,0.0
u,0.0,1.023889,0.0,1.026788,1.059128,0.0,0.885094,0.0,1.024358,0.0,0.863076,0.983706,1.075801,0.0,0.0,0.0,0.0,0.0,0.0,0.0,2.00058,0.0,1.784849,0.986624,1.958668,0.0
v,0.0,0.0,0.0,0.0,0.0,0.0,0.0,0.0,0.0,0.0,0.0,0.0,0.0,0.0,0.0,0.0,0.0,0.0,0.0,0.0,0.0,0.0,0.0,0.0,0.0,0.0
w,0.0,0.0,0.0,0.0,0.0,0.0,0.0,0.0,0.0,0.0,0.0,0.0,0.0,0.0,0.0,0.0,0.0,0.0,0.0,0.0,0.0,0.0,0.0,0.0,0.0,0.0
x,0.0,0.0,0.0,0.0,0.0,0.0,0.0,0.0,0.0,0.0,0.0,0.0,0.0,0.0,0.0,0.0,0.0,0.0,0.0,0.0,0.0,0.0,0.0,0.0,0.0,0.0
y,0.0,0.0,0.0,0.0,0.0,0.0,0.0,0.0,0.0,0.0,0.0,0.0,0.0,0.0,0.0,0.0,0.0,0.0,0.0,0.0,0.0,0.0,0.0,0.0,0.0,0.0
z,0.0,0.0,0.0,0.0,0.0,0.0,0.0,0.0,0.0,0.0,0.0,0.0,0.0,0.0,0.0,0.0,0.0,0.0,0.0,0.0,0.0,0.0,0.0,0.0,0.0,0.0
å,0.0,0.0,0.0,0.0,0.0,0.0,0.0,0.0,0.0,0.0,0.0,0.0,0.0,0.0,0.0,0.0,0.0,0.0,0.0,0.0,0.0,0.0,0.0,0.0,0.0,0.0
æ,0.0,0.0,0.0,0.0,0.0,0.0,0.0,0.0,0.0,0.0,0.0,0.0,0.0,0.0,0.0,0.0,0.0,0.0,0.0,0.0,0.0,0.0,0.0,0.0,0.0,0.0
ø,0.0,0.0,0.0,0.0,0.0,0.0,0.0,0.0,0.0,0.0,0.0,0.0,0.0,0.0,0.0,0.0,0.0,0.0,0.0,0.0,0.0,0.0,0.0,0.0,0.0,0.0
