CHAR,#-_,_-#,_-a,_-b,_-d,_-e,_-g,_-i,_-k,_-o,_-p,_-r,_-t,_-u,a-_,b-_,d-_,e-_,g-_,i-_,k-_,o-_,p-_,r-_,t-_,u-_
a,0.0,0.982083,0.0,0.993358,1.031837,0.0,0.968585,0.0,0.980809,0.0,1.0007,1.023924,1.010807,0.0,0.0,0.891017,0.999872,0.0,1.014987,0.0,1.04478,0.0,1.104612,0.976606,1.012318,0.0
b,2.272204,0.0,0.891017,0.0,0.0,1.873534,0.0,0.0,0.0,1.905571,0.0,0.0,0.0,0.0,0.42343,0.0,0.0,0.47737,0.0,0.37149,0.0,0.505535,0.0,0.0,0.0,0.417137
c,0.0,0.0,0.0,0.0,0.0,0.0,0.0,0.0,0.0,0.0,0.0,0.0,0.0,0.0,0.0,0.0,0.0,0.0,0.0,0.0,0.0,0.0,0.0,0.0,0.0,0.0
d,0.0,0.0,0.999872,0.0,0.0,2.028089,0.0,0.0,0.0,1.931833,0.0,0.0,0.0,0.0,1.325527,0.0,0.0,1.290392,0.0,1.217384,0.0,1.304481,0.0,0.0,0.0,1.265181
e,0.0,1.014012,0.0,1.039991,0.989394,0.0,1.036241,0.0,1.071162,0.0,1.01786,0.914091,0.976148,0.0,0.0,1.873534,2.028089,0.0,1.991639,0.0,0.0,0.0,0.0,0.972331,0.0,0.0
f,0.0,0.0,0.0,0.0,0.0,0.0,0.0,0.0,0.0,0.0,0.0,0.0,0.0,0.0,0.0,0.0,0.0,0.0,0.0,0.0,0.0,0.0,0.0,0.0,0.0,0.0
g,0.0,0.0,1.014987,0.0,0.0,1.991639,0.0,0.0,0.0,1.940329,0.0,0.0,0.0,0.0,1.262275,0.0,0.0,1.337239,0.0,1.342206,0.0,1.291683,0.0,0.0,0.0,1.354924
h,0.0,0.0,0.0,0.0,0.0,0.0,0.0,0.0,0.0,0.0,0.0,0.0,0.0,0.0,0.0,0.0,0.0,0.0,0.0,0.0,0.0,0.0,0.0,0.0,0.0,0.0
i,0.0,1.048256,0.0,0.926049,0.908324,0.0,1.033146,0.0,1.019367,0.0,1.020244,1.023389,0.960992,0.0,0.0,0.0,0.0,0.0,0.0,0.0,2.00097,0.0,1.890754,1.031942,2.003428,0.0
j,0.0,0.0,0.0,0.0,0.0,0.0,0.0,0.0,0.0,0.0,0.0,0.0,0.0,0.0,0.0,0.0,0.0,0.0,0.0,0.0,0.0,0.0,0.0,0.0,0.0,0.0
k,0.0,0.0,1.04478,0.0,0.0,0.0,0.0,2.00097,0.0,0.0,0.0,0.0,0.0,1.946986,1.2745,0.0,0.0,1.372159,0.0,1.328427,0.0,1.30582,0.0,0.0,0.0,1.27036
kh,0.0,0.0,0.0,0.0,0.0,0.0,0.0,0.0,0.0,0.0,0.0,0.0,0.0,0.0,0.0,0.0,0.0,0.0,0.0,0.0,0.0,0.0,0.0,0.0,0.0,0.0
l,0.0,0.0,0.0,0.0,0.0,0.0,0.0,0.0,0.0,0.0,0.0,0.0,0.0,0.0,0.0,0.0,0.0,0.0,0.0,0.0,0.0,0.0,0.0,0.0,0.0,0.0
m,0.0,0.0,0.0,0.0,0.0,0.0,0.0,0.0,0.0,0.0,0.0,0.0,0.0,0.0,0.0,0.0,0.0,0.0,0.0,0.0,0.0,0.0,0.0,0.0,0.0,0.0
n,0.0,0.0,0.0,0.0,0.0,0.0,0.0,0.0,0.0,0.0,0.0,0.0,0.0,0.0,0.0,0.0,0.0,0.0,0.0,0.0,0.0,0.0,0.0,0.0,0.0,0.0
o,0.0,0.990804,0.0,1.073487,1.008815,0.0,0.996017,0.0,1.010154,0.0,0.9633,0.987156,0.971012,0.0,0.0,1.905571,1.931833,0.0,1.940329,0.0,0.0,0.0,0.0,1.056305,0.0,0.0
p,2.44482,0.0,1.104612,0.0,0.0,0.0,0.0,1.890754,0.0,0.0,0.0,0.0,0.0,1.928544,0.272067,0.0,0.0,0.296535,0.0,0.306981,0.0,0.236643,0.0,0.0,0.0,0.273973
ph,0.0,0.0,0.0,0.0,0.0,0.0,0.0,0.0,0.0,0.0,0.0,0.0,0.0,0.0,0.0,0.0,0.0,0.0,0.0,0.0,0.0,0.0,0.0,0.0,0.0,0.0
q,0.0,0.0,0.0,0.0,0.0,0.0,0.0,0.0,0.0,0.0,0.0,0.0,0.0,0.0,0.0,0.0,0.0,0.0,0.0,0.0,0.0,0.0,0.0,0.0,0.0,0.0
r,0.0,0.0,0.976606,0.0,0.0,0.972331,0.0,1.031942,0.0,1.056305,0.0,0.0,0.0,1.028847,1.317614,0.0,0.0,1.215089,0.0,1.332448,0.0,1.282822,0.0,0.0,0.0,1.282367
s,0.0,0.0,0.0,0.0,0.0,0.0,0.0,0.0,0.0,0.0,0.0,0.0,0.0,0.0,0.0,0.0,0.0,0.0,0.0,0.0,0.0,0.0,0.0,0.0,0.0,0.0
t,0.0,0.0,1.012318,0.0,0.0,0.0,0.0,2.003428,0.0,0.0,0.0,0.0,0.0,2.010565,1.304497,0.0,0.0,1.277146,0.0,1.270052,0.0,1.266678,0.0,0.0,0.0,1.350074
th,0.0,0.0,0.0,0.0,0.0,0.0,0.0,0.0,0.0,0.0,0.0,0.0,0.0,0.0,0.0,0.0,0.0,0.0,0.0,0.0,0.0,0.0,0.0,0.0,0.0,0.0
u,0.0,1.015521,0.0,0.979407,0.963833,0.0,1.053576,0.0,0.969012,0.0,0.994948,0.981019,1.048726,0.0,0.0,0.0,0.0,0.0,0.0,0.0,1.946986,0.0,1.928544,1.028847,2.010565,0.0
v,0.0,0.0,0.0,0.0,0.0,0.0,0.0,0.0,0.0,0.0,0.0,0.0,0.0,0.0,0.0,0.0,0.0,0.0,0.0,0.0,0.0,0.0,0.0,0.0,0.0,0.0
w,0.0,0.0,0.0,0.0,0.0,0.0,0.0,0.0,0.0,0.0,0.0,0.0,0.0,0.0,0.0,0.0,0.0,0.0,0.0,0.0,0.0,0.0,0.0,0.0,0.0,0.0
x,0.0,0.0,0.0,0.0,0.0,0.0,0.0,0.0,0.0,0.0,0.0,0.0,0.0,0.0,0.0,0.0,0.0,0.0,0.0,0.0,0.0,0.0,0.0,0.0,0.0,0.0
y,0.0,0.0,0.0,0.0,0.0,0.0,0.0,0.0,0.0,0.0,0.0,0.0,0.0,0.0,0.0,0.0,0.0,0.0,0.0,0.0,0.0,0.0,0.0,0.0,0.0,0.0
z,0.0,0.0,0.0,0.0,0.0,0.0,0.0,0.0,0.0,0.0,0.0,0.0,0.0,0.0,0.0,0.0,0.0,0.0,0.0,0.0,0.0,0.0,0.0,0.0,0.0,0.0
å,0.0,0.0,0.0,0.0,0.0,0.0,0.0,0.0,0.0,0.0,0.0,0.0,0.0,0.0,0.0,0.0,0.0,0.0,0.0,0.0,0.0,0.0,0.0,0.0,0.0,0.0
æ,0.0,0.0,0.0,0.0,0.0,0.0,0.0,0.0,0.0,0.0,0.0,0.0,0.0,0.0,0.0,0.0,0.0,0.0,0.0,0.0,0.0,0.0,0.0,0.0,0.0,0.0
ø,0.0,0.0,0.0,0.0,0.0,0.0,0.0,0.0,0.0,0.0,0.0,0.0,0.0,0.0,0.0,0.0,0.0,0.0,0.0,0.0,0.0,0.0,0.0,0.0,0.0,0.0
