CHAR,#-_,_-#,_-a,_-b,_-d,_-e,_-g,_-i,_-k,_-o,_-p,_-r,_-t,_-u,a-_,b-_,d-_,e-_,g-_,i-_,k-_,o-_,p-_,r-_,t-_,u-_
a,0.0,0.976845,0.0,1.003111,1.015706,0.0,1.015707,0.0,1.029446,0.0,0.967491,0.987758,1.019895,0.0,0.0,0.760273,1.041791,0.0,1.010713,0.0,0.994664,0.0,1.302221,0.965297,1.003045,0.0
b,2.081651,0.0,0.760273,0.0,0.0,1.712381,0.0,0.466911,0.0,1.712343,0.0,0.0,0.0,0.382327,0.577107,0.0,0.0,0.672374,0.0,0.565908,0.0,0.548108,0.0,0.0,0.0,0.532139
c,0.0,0.0,0.0,0.0,0.0,0.0,0.0,0.0,0.0,0.0,0.0,0.0,0.0,0.0,0.0,0.0,0.0,0.0,0.0,0.0,0.0,0.0,0.0,0.0,0.0,0.0
d,0.0,0.0,1.041791,0.0,0.0,1.945944,0.0,0.0,0.0,2.001526,0.0,0.0,0.0,0.0,1.305181,0.0,0.0,1.2002,0.0,1.307905,0.0,1.2231,0.0,0.0,0.0,1.395634
e,0.0,1.009167,0.0,1.091096,0.903444,0.0,1.127686,0.0,0.90855,0.0,1.087628,0.974722,0.889048,0.0,0.0,1.712381,1.945944,0.0,2.046422,0.0,0.0,0.0,0.0,1.08629,0.0,0.0
f,0.0,0.0,0.0,0.0,0.0,0.0,0.0,0.0,0.0,0.0,0.0,0.0,0.0,0.0,0.0,0.0,0.0,0.0,0.0,0.0,0.0,0.0,0.0,0.0,0.0,0.0
g,0.0,0.0,1.010713,0.0,0.0,2.046422,0.0,0.0,0.0,1.960102,0.0,0.0,0.0,0.0,1.305181,0.0,0.0,1.424441,0.0,1.284478,0.0,1.186967,0.0,0.0,0.0,1.223838
h,0.0,0.0,0.0,0.0,0.0,0.0,0.0,0.0,0.0,0.0,0.0,0.0,0.0,0.0,0.0,0.0,0.0,0.0,0.0,0.0,0.0,0.0,0.0,0.0,0.0,0.0
i,0.0,1.012854,0.0,0.983787,1.010306,0.0,0.986879,0.0,0.995326,0.0,0.937982,1.015837,1.014133,0.0,0.0,0.466911,0.0,0.0,0.0,0.0,1.961903,0.0,1.581587,1.01444,1.962163,0.0
j,0.0,0.0,0.0,0.0,0.0,0.0,0.0,0.0,0.0,0.0,0.0,0.0,0.0,0.0,0.0,0.0,0.0,0.0,0.0,0.0,0.0,0.0,0.0,0.0,0.0,0.0
k,0.0,0.0,0.994664,0.0,0.0,0.0,0.0,1.961903,0.0,0.0,0.0,0.0,0.0,2.017935,1.318921,0.0,0.0,1.205306,0.0,1.292924,0.0,1.291591,0.0,0.0,0.0,1.290858
kh,0.0,0.0,0.0,0.0,0.0,0.0,0.0,0.0,0.0,0.0,0.0,0.0,0.0,0.0,0.0,0.0,0.0,0.0,0.0,0.0,0.0,0.0,0.0,0.0,0.0,0.0
l,0.0,0.0,0.0,0.0,0.0,0.0,0.0,0.0,0.0,0.0,0.0,0.0,0.0,0.0,0.0,0.0,0.0,0.0,0.0,0.0,0.0,0.0,0.0,0.0,0.0,0.0
m,0.0,0.0,0.0,0.0,0.0,0.0,0.0,0.0,0.0,0.0,0.0,0.0,0.0,0.0,0.0,0.0,0.0,0.0,0.0,0.0,0.0,0.0,0.0,0.0,0.0,0.0
n,0.0,0.0,0.0,0.0,0.0,0.0,0.0,0.0,0.0,0.0,0.0,0.0,0.0,0.0,0.0,0.0,0.0,0.0,0.0,0.0,0.0,0.0,0.0,0.0,0.0,0.0
o,0.0,1.053339,0.0,0.956551,0.916064,0.0,0.879932,0.0,0.984556,0.0,1.018121,1.060631,1.039513,0.0,0.0,1.712343,2.001526,0.0,1.960102,0.0,0.0,0.0,0.0,1.116774,0.0,0.0
p,2.67034,0.0,1.302221,0.0,0.0,0.0,0.0,1.581587,0.0,0.0,0.0,0.0,0.0,1.640562,0.0,0.0,0.0,0.105057,0.0,0.0,0.0,0.04583,0.0,0.0,0.0,0.095487
ph,0.0,0.0,0.0,0.0,0.0,0.0,0.0,0.0,0.0,0.0,0.0,0.0,0.0,0.0,0.0,0.0,0.0,0.0,0.0,0.0,0.0,0.0,0.0,0.0,0.0,0.0
q,0.0,0.0,0.0,0.0,0.0,0.0,0.0,0.0,0.0,0.0,0.0,0.0,0.0,0.0,0.0,0.0,0.0,0.0,0.0,0.0,0.0,0.0,0.0,0.0,0.0,0.0
r,0.0,0.0,0.965297,0.0,0.0,1.08629,0.0,1.01444,0.0,1.116774,0.0,0.0,0.0,0.909087,1.277232,0.0,0.0,1.271477,0.0,1.313436,0.0,1.367667,0.0,0.0,0.0,1.295064
s,0.0,0.0,0.0,0.0,0.0,0.0,0.0,0.0,0.0,0.0,0.0,0.0,0.0,0.0,0.0,0.0,0.0,0.0,0.0,0.0,0.0,0.0,0.0,0.0,0.0,0.0
t,0.0,0.0,1.003045,0.0,0.0,0.0,0.0,1.962163,0.0,0.0,0.0,0.0,0.0,2.001387,1.309369,0.0,0.0,1.185804,0.0,1.311731,0.0,1.346549,0.0,0.0,0.0,1.27431
th,0.0,0.0,0.0,0.0,0.0,0.0,0.0,0.0,0.0,0.0,0.0,0.0,0.0,0.0,0.0,0.0,0.0,0.0,0.0,0.0,0.0,0.0,0.0,0.0,0.0,0.0
u,0.0,1.014877,0.0,0.949554,1.097572,0.0,0.925776,0.0,0.992796,0.0,1.07675,0.997001,0.976247,0.0,0.0,0.382327,0.0,0.0,0.0,0.0,2.017935,0.0,1.640562,0.909087,2.001387,0.0
v,0.0,0.0,0.0,0.0,0.0,0.0,0.0,0.0,0.0,0.0,0.0,0.0,0.0,0.0,0.0,0.0,0.0,0.0,0.0,0.0,0.0,0.0,0.0,0.0,0.0,0.0
w,0.0,0.0,0.0,0.0,0.0,0.0,0.0,0.0,0.0,0.0,0.0,0.0,0.0,0.0,0.0,0.0,0.0,0.0,0.0,0.0,0.0,0.0,0.0,0.0,0.0,0.0
x,0.0,0.0,0.0,0.0,0.0,0.0,0.0,0.0,0.0,0.0,0.0,0.0,0.0,0.0,0.0,0.0,0.0,0.0,0.0,0.0,0.0,0.0,0.0,0.0,0.0,0.0
y,0.0,0.0,0.0,0.0,0.0,0.0,0.0,0.0,0.0,0.0,0.0,0.0,0.0,0.0,0.0,0.0,0.0,0.0,0.0,0.0,0.0,0.0,0.0,0.0,0.0,0.0
z,0.0,0.0,0.0,0.0,0.0,0.0,0.0,0.0,0.0,0.0,0.0,0.0,0.0,0.0,0.0,0.0,0.0,0.0,0.0,0.0,0.0,0.0,0.0,0.0,0.0,0.0
å,0.0,0.0,0.0,0.0,0.0,0.0,0.0,0.0,0.0,0.0,0.0,0.0,0.0,0.0,0.0,0.0,0.0,0.0,0.0,0.0,0.0,0.0,0.0,0.0,0.0,0.0
æ,0.0,0.0,0.0,0.0,0.0,0.0,0.0,0.0,0.0,0.0,0.0,0.0,0.0,0.0,0.0,0.0,0.0,0.0,0.0,0.0,0.0,0.0,0.0,0.0,0.0,0.0
ø,0.0,0.0,0.0,0.0,0.0,0.0,0.0,0.0,0.0,0.0,0.0,0.0,0.0,0.0,0.0,0.0,0.0,0.0,0.0,0.0,0.0,0.0,0.0,0.0,0.0,0.0
